# --- land --- #
7386 * 
6261
3298
5374
4534
8921
8553 * 
6600 * 
4155 * 
8132 * 
9004
4184
4997 *
8225 (has water)
4242
5402 (has water + orange)
6965 (has water)
7357 (grey)
2409 
2697
2130
1025
597 (grey)
1332
8879
3185
3467 (grey)
1753 (grey)
651
3006
6758
7118 *
2303
3543
3931 (is this even loaded?)
5769 (gre)
3654
1101 (zoom)
810
9687
4707
66
8301
1438 (zoom)
9933 *
7505 *
6890* 
3869 
5985 * 
5250
4410
8477 (grey)
6724
7164 * 
1088 
8016
772
2765
1106 * 
2800 * 
465 * 
1567
1915
4700 (grey)
9680
6055
5521 (grey)
128
9546
#
8306
4361 * 
7274 (snow)
2958
6434
7502 (grey)
5982
7163
6723 (grey)
5636 
4067 (grey)
8011 (snow)
6266
3538 (stub)
7436
7854
4294
4533
8554
8926
9314
7047
1159
4183
9003 (snow)
7096
5405
9462
419
9810 * 
6962 (grey) 
6029
2137
1022
2556
3316 * 
541
4819
7454 * 
6214
9366
7035 (snow)
7792
4120 
8196
7743
4590
1569
5477
7322
2145 (grey)
152
1050
8769 * 
3364
2283 (grey)
2954 
1843
5259
990
4419
1892
2252
3412 (stub)
6899 (grey)
1726 
1081
2633
2194
361 (stub)
1263
7428 (snow)
6268
3536
1602 (grey)
700
6609 
7098 
3186
3240
2400
417
9155
4772
7667
6780
13
9534
5921
6834
2558
2589
7902
7570
5225
239 (grey) 
9184
658 
3531
3943
3296
707
1605
2407
3392
3247
6519 (snow)
862
1512
8712

(500)
# --- BEACH ---# 

1725, 1082, 3070, 504, 976, 4868, 2984, 2527, 1432, 4593, 1918, 4655, 4123, 2309, 4930, 4007, 1759, 119, 4814, 4466, 4310, 4771, 1788, 3248, 2403, 2133, 3773, 4248, 1964, 356, 2062, 3622, 90, 1177, 41, 3154, 852, 3292, 3947, 3818, 1498, 209, 4317, 1028, 4776, 668, 2404, 3991, 3244, 3625, 2065, 3312, 2920, 207, 1170, 97, 46, 4158, 2713, 1267, 4539, 3940, 3532, 162, 2190, 2637, 503, 3416, 2256, 2420, 2952, 4627, 4180, 4151, 4297, 4942, 389, 4736, 1068, 4091, 4882, 3889, 4421, 298, 4040, 815, 467, 3572, 2332, 6, 2753, 3113, 2781, 1130, 1697, 770, 2444, 311, 1923, 2101, 1014, 3487, 592, 235, 1807, 1303, 543, 931, 3824, 122, 2677, 3790, 4505, 4977, 869, 2088, 4612, 2059, 4273, 2438, 3278, 2106, 653, 3327, 3480, 2567, 2915, 232, 595, 936, 2211, 3451, 3823, 1765, 125, 3797, 4970, 1958, 4274, 4350, 2969, 4426, 1378, 4381, 1719, 4047, 1220, 1587, 2335, 2492, 3907, 3575, 1641, 1, 3114, 2754, 2785, 2022, 1137, 2832, 1556, 4643, 4485, 3329, 4454, 4826, 412, 860, 3975, 2892, 2081, 3166, 2050, 705, 2843, 2396, 3271, 4414, 3369, 4703, 3596, 1916, 2010, 745, 794, 452, 2307, 117, 3002, 576, 3463, 2584, 2927, 1021, 661, 4246, 1179, 3688, 4683, 829, 110, 2645, 903, 571, 1496, 2224, 2583, 1781, 4778, 4241, 99, 4156, 48, 4537, 4290, 3079, 2258, 1898, 4413, 4365, 1849, 3236, 3591, 2804, 2476, 1563, 1911, 34, 3121, 2761, 455, 4939, 3932, 4866




